650278935
18548527437
28255291432
36142635812
48483922307
61434394288
63486373101
74757314300
81358053496
92692602664
99745310690
120666026357
212715726348
213806625390
259154685562
375601467360
677885564656
846469425744
862726681879
987275132884
1042129870497
1196896105198
1208566078360
1292799842769
1351950523665
1400326840137
1407314631949
1673211876625
1731420602184
2043711376853
2209383311483
2489452924315
2534928804618
2664841980947
2726618031793
2747772190809
2769384063547
2800002600653
2964626875570
2988049673031
2998308380093
3280457067943
3364825386649
3929746933491
3959230642293
4111940176891
4582542358431
4626186263355
4693951720101
4719737160546
5457034406788
5459380976245
5914284025344
5938258064914
5941303965888
6160379656975
6289793166793
6300886094747
6331835965616
6432353805955
6475861292940
6537153946539
6552553807866
6628447793466
6659903985782
6937978220354
7089402399751
7128480486876
7137941597407
7191331353259
7278028062022
7296109217591
7331578919070
7443077998084
7463050466161
7464325303522
7815232040336
7833151985933
7898962416420
7902920711897
8098454254511
8316349829389
8481669073378
8494812809531
8609444308506
8641290032489
8646283955459
8663790135830
8809932503917
8832835242770
8907873067384
8959646951440
9136848930740
9215018942379
9716895616283
9727808608051
9897544887504
9929164352995
9938330841381
9986549250184
