1428
1129
1856
1931
1117
1257
1270
1194
1484
1141
1209
1228
1269
1247
1555
1342
1165
1492
1382
1959
1861
1834
1838
1741
1453
1866
1882
1694
1566
1135
1825
1190
1189
1967
1751
1864
1684
1821
1066
1640
1198
1834
1408
1633
1910
1282
1744
1410
1315
1003
1241
1609
1264
1947
1187
1868
1786
1259
1866
1659
1306
1022
1271
1831
1359
1231
1702
1531
1717
1940
1726
1052
1269
1494
1456
1626
1280
1185
1314
1774
1846
1102
1342
1052
1168
1261
1407
1063
1270
1042
1054
1547
1351
1054
1902
1838
1502
1310
1275
1162
