169452
131451
112186
192708
175851
167548
155283
195057
198305
141636
121578
132050
114319
152533
109890
163635
169980
151376
162804
102672
125480
103802
155716
179091
166142
118866
153182
108723
161494
142535
108581
188266
171667
155967
139628
170292
138227
174870
159959
104080
182985
133507
189159
185279
152713
125539
128105
167407
139272
168558
140272
181128
189184
185523
179536
184381
142109
147814
155661
110522
161287
111630
180043
197110
164083
126838
189849
157165
110433
119396
133056
139895
118508
138156
167361
130898
118722
191920
124028
135758
130466
127451
117474
128717
186879
143130
176303
196729
158267
132157
123206
170235
152727
163108
195445
151948
194130
134111
116827
191686
