8673389921138335442345147457329
5195942755327267331267998249996
4268787247834185657126786231132
2617272836925155368311891942654
4571991163419486556482423824141
8533542686733162892392545945553
5328382194974792762129224729135
2512435349185181255748926782536
9222477524756241528733883722752
4488489163785814255448396721815
2626799482961124852421291679968
9968184639692286334685567319128
1898139844399554513166768817575
4833682934494176466612434521644
2295589922712124512333149684368
559513973992918@311717369579158
6496359467131922374155428816375
1737752113225935593225748846735
9955943922116122943858515395865
8762273449894855535967621564287
7383248236716344334646971147585
9614484314451369462964311778177
4571568191871893598259684562115
4331871795517256695682951365162
8664268541122979357288999564985
2264896527348525869782459574617
4365255399742185951618439339187
3136344825166883594735272968424
4253272639636927621857726894812
1415692262137217389475185839222
3123198741947339857747189663948