5555565755774554868887846455556478465776478575588366655565777664466774566545736756344355477456567666477464664685578475558475874854866688668654647754558
4764756578848884557455845887568675577645475848357653337647567774553435546546677376333633656445775643453666877574868464578558776544685644774546457857746
6657678855747754858485857884868475886786585757373744576557663676533576363564556356736755637333436466536335565646785588478786788764758565654885744888456
6484455446686778666866654666847884587767784553474536543746364645535733575656745347537373535573743745647575767747788665874866675578654546848766548768785
7545864648788565855758574848687444477447635757636556476764334673637655555773554543364763677675676444667464446758565485688876464784468665744488466846584
4585848857858657486565848486485758578833745634755546647567733533736753475366466635763436467543647577743733463344355655885578465677887666486658646657656
7457588457684465687688545667776874687743466534737736457657734474534655473667555537763534666676656375566736374764556546746474575586745788487847656487575
6864475664856666475657556466774468463345477664663443365637753777453474747363675747776745444554335343575367554333753476786464857744476754745568878674574
5884885445846546577844878674455547554566754564646363375456743566674537365111111163333736353646543353635677535574436733778648778478888855454676766766654
8564578754456667657447747846875374456434734755667573446665434777737431111199999114344777334354735354663565573364464776754785855584778555544654675856777
875665856475457875545888677544463335767355677337375645445374755433334199911S999915546444665636756536463463666344674444556677588458485874546788475458786
5667686778768668488657877466336576463455374446574656563745653677757751999999999913764747544544733376335345356635674473474378486748778784447478675758645
5677445478676777588678555465645543743456735444774745356635574453457661999999999916643535534655547345434666433566565535465337658744887485758874777584784
4656555566767848585788864466544577645735365653567464476533646674657444556999999416656673677336467344765364664356534336477367475845487575665575548784848
5766678654588674687575785564447564453357633535755647433536537455577355374699994616647644435743356675443753356674657734766736355548746445878784557856444
8865766487578456774868573376477477743644676557666343345334657746335533656376346376354477773446477666355647575757767757367445545386486457447844486878888
4488548767448886644565754434736554445363543674553363453674753576665354654774733335464765377745553746775477566444446346747354775354884684856676775666748
4784847676785447557663564743753454566777765773556766443345445744776467365577345647646653654676646735544335576535366674434564736665868445768478488544578
6584548754874447465876553675455753767655676365543773434556737564546776647476376576773665754446763774663365557435447553774743343755765668545484447785645
7544487886646447788355454664653645557373643533754367435364535357777773656535553674477645663375444764476455355445675643756633464433676448576484874644576
7777467886458478585674736645475643666463557776674766755633774773457466346645765336333544756644355365446463437435533346334347336436534756574754487855846
8464558666547667436356735343747374643666443476456344465337366565356757734347656567763463634353566644334374534564565357645375465355664684445668774676887
4478676657766854567547665675377376536765536434544776647363545735733354643524345636375553363634547376567675464544453745536436737455573467764456778545467
8665645584454443443537464754674573477736643736563634474546353777762422442632525645565346477774354744545476635433754644376774336347446367564556575884774
4574457778865875675534554553537333655357666347576353457474373652322456644355343646643564666447357476673366355757575436366666436543764633785758884454887
6468454657866534336737754474547463375535364673336634637447656655242432443653445464634252436347655344636765574374657736674736453736446467374665876686755
6584558877485754737443665477745654335365777635355676345562452225323435654562245435663623625234234536635367354635367443475745767534366766677645874587886
5456876668655337745633377346657643774374677547765744653243234545362453344655525243635263643226323233555466434754336457453476363453474754737468586777878
6658474875565357354377467337456446566537577655436735662264642465442223434322525322443255624252333243777456655663574543474346465674437575474765588448467
7875856786475443766454557436535475556436437645536664636265543653545343265623464524246455646524546426644543754654636673635466535736445665763457558776644
5875448847763635435334736576545665565454534367654245264546445446463635522532624353632455452323656224226464767547336363473453635755473347445548568857864
5854577845373663567644567366666547336675653646422344322632462333333266642246544632366433333644363534643626463643656645673363446765336543477633787566668
4865566863743555363757437366376755756463365436624334233454566462233333246323652454425453355366556662365334266566466764556543645656575577564746886757586
5445866537765663675344356335374765565375663454465444245335334264244462545464544332442642324236252365266652567433646736757677533435365537564334386477458
5485787474775345756757363755363473334343472226243353542232563625335522562244265254332545226666554523256546552446544465666673463643456375673367436878674
6554467344346565644773446757657745453654544355354423524665362265553422334635655226536225463535465546363266536256747663365377533376656435545543347475674
8748746657444364463645755656765467574465422255324325543253566424664262636435644343665662322246322242353566462357654643476567666746773355635655374454748
8564687345655777434674655363375654366734626454633436252565624432334426232564224442636345343555265424656235365654774643745453536435436563365564373555746
8787734647573533734434657455635566457723553445424332464526534352542322452436452564565564552225263343425642245652577544545675343677357547467647375674764
4448746777757434674753453335444335666422536243323355262633336445253246254653235425424566443254564223222323356246226473763553373767663474777576567364744
6774543373664646536636465753733577545322543525664226222522256545545333454553664253554232653454352625642422664255553663366364355546544336645356346678877
7754376636343353367434433664446447632526423426566563346632622326622652266435666265356652654233432324232352333322662635543535743554537653573547565558677
4843463537335763366347643575654535225444656244523225226433353256452266636356625426266333443255564644245434625245464266337555534745746665546765444654867
5744753557753536366654754354364472646253356562352345553456534353523645632455332646366422524532326235544456252645656655653755536537475575455436476653866
5436564676737465573454655646367553366424633553344363642633244246552434643526245446553335562244346253356523263452325242567673676547433635664637443374564
7434367377653766564473544563554736532222545255266524262344352462334334342656335224323326362432633222632263263622625353557344337564547773757343647436787
6675455763677443674467454456773442445235565225326562553345336655253532235444544665236336543264565665332336325532245324557436656537464543775747645774536
6355745365553665547576477333446352656666463244232643526532535426622645522346665225235523545226365336263633263536264452446354337775444463637656545473476
7567546463775565663567547343756646234635236464652552235356442424253646226545432336233462356245264226452452236335345336666376556443674767564665446537637
7753733335556544766355776634554655422244425426525352545524634633562663544234253453636233335663225265346242354442343533624375533344555473337373654753474
6464464737763443637463447447533253254235443466543553442255425464445324454232222552446464554626554445662366356633633455525573534356467777476735463753444
4745436644363737475775634436445366246544222646443252452552562465423525254353345544224443545635526545535663425442355634453243376545474356777756747357336
7754536564653445763633535456464266442262444265642365552324322355542545324534522225355244542442525546633556326244663435553647664753376753765644657367565
5353577574643753333676574662223656245354266355563446654633626334553525333523522255555422444453533235356546466346262252665342466335435665376634777765367
3653767453555477564455537734324325254225223434452255552234642323235244555352432325245353555462563234356323242542232654645524637475546767563574643766654
6765643374364477554645374533222652222323464662423523554236455232222524534435532423353444555243535662463333436425446634634622675543557763443576463354447
5435564537575377666464436433362455326626262642654662623453534223534555432322554343544334325332535646224232562356644625423334446656763534463736467547474
7435454775557646376363363453645426662324542345643356255634423455344434544554443255525534532322233244364266232563466346665465654555455775546566537733436
6746447644436737335733354454335654464336463555426253226455424242345343225234452352223243444544246223235524554443445635454426625643456536556674733773746
4675747734346756374465776355563446666245346635345266665344543333444334235422244232235524244533522233636255422653242352563652535374353635574477777576674
7465357563457365353356744223334524564462263242342243432534325542245553532252345224243342423325225544423463652655666223542262326643577776743553533675737
6576535664754546765563536366355335445663535352364435343552342232535345534545454554334324324543432536263265654354554425625543436533334553367636573457574
5633643743564673537654376662465226253424543544325563324443452235322222454534332235355253443442433534352455256553354363435332633333374565777543557737334
6545447774536675733544755265436425523533424362452436543224554225445453452543553332235255343253422536255245352564456435552445564467545734667447434543574
5763663763643575567563466354523653554646624326226255335252335352422432532344522445244433233243434345426545253335656532336334422453737465646733654643533
5543464655646777745747366324325633534254653346456465352522454324335323422354543524233452245243322452523546526653333622455526262534457774434734557337574
4574765746574367634347523244455655463546445364526522343445235243355432244233543522444455325244422233332353423546634352635266643647746774367377776737737
4635566546345333344343566422425325642232663432522334445425322544253555523554435242543435525453233423345653635456526355342525445363753635376746465673654
7656653747466433333636455643565466552365432532432254453323535225443524524232553232223425555225223555455345625525366452325353633373577553736736346434775
7534574634733463775343364445536563245532255433634523445555423322322545224244453333542335244322343234335535532264566343553665643353357443556773667656437
5447736676757466456557552262655336223335634652666324325534355344222344553544322242442232553523252243433446646562252266322335346454665344457774354554544
7554747643633444434574435363232465646443364465433555535424555333435445343444452343324542553452455233446433445363555645536362653434553744665563334437443
4464556455346576747575726625242342636454235325432422454335555423342435255522352453534424454224444344553365464446466422646526622576777677363333345375364
5347646537777544573544445564435263453434562346446224544235432344355435524225432555253535325435535435345343543333536532233245542247464545673437665534756
4654676565343675333663662325464455254255256255535535242232252555533425444425425555243252444342255542243252544424264466664626422244654537745567557754767
353456747566464473464354225455424423466244424525553454533233243242545324525@535222252542232223345522352554362422652232535262222466536763435333456547537
6476645446567344643554456565225532623323234656253555224545222533242322223399925222542455323232224353525456532254265653226363624426637643567456375734746
6553645334643735765735743436645364664362433435355354222343225432453545322499935223425244225324334423454532363663424633652452365536775577634574463734537
7456534776666577667475355235335256546325334363654422242252222334345542554599955433442354242324255554254626234456622222446664642545674775565774557553665
5563546463734536544634644623562455263243362336225552444525233323253543244599944333322344523354232323534455655355623226325336224654343444545776636456754
7666775365346455436344462425553434255222223265423543552342243345545423552299955235225253243334442432232532526524246565325263433633753645735437477344756
7664445367356377667337765644262454563626636262325254353323532542343323533599934332544434445354333554446566523466356246425426666656674356567374463347364
6467647354657677363353525334443522225366353553234654533542233344223434444299922225325334353534434254263266332322243435442263363246363556433454466644436
4466563454554646575757344335644566634546654544332335545343345253433542555399945252225344423255233225453255666546364242444332664664563557443456676655455
3535633367754544353777464643634656662523556234265224543442343254323443444599952552435353242232344535662363546323524625653264332655745655355746536673745
5477456345646456536677446566533662344523263525545433342232522444432234325499933355325345325524544222355625456433324452554433435275365765643635744477765
6454635654747565533646664342355346332522564246436323434223544433544335534299923332344424232244435455322446564556324234353666452457444333775765347374646
5735574464537767435537566236522334325362546455444422434245332234324524345499944543533223352434342326556232234256466554545625656636446453534643653354437
4364356553773363744636763642566226644533352355452262444353254243452445345599944554422342324352252326422646334443444233526254255655434437635776374633343
7437653753335657764757456353434524525323652225523443554433354354523435434499955232325534225454454446364223554332455263342343545333736574354753453654564
6775537664674676436636545426453646334655446444343266422335355243525434243399935324232532554234234256653563256664526552363546644775544463344554535666636
3357775754773456353363673445346655624254656556654453633355544254555545355299944325535545254435234436453663564566335644463223236464667434445355356547575
6575563575375637766774354236565354433345452564562524342553442253225545444499933553342453422424552525544454452246434632626233655647434534743343363634357
7657547636437447446333567344532556422265455253343256664654533442322543244399935423325355532524333223465536235426623344233355233336754477435557457737744
5433377634473663545436346624336644322632444444326545532465223233544452342399943245235352322424354325425456335524223625626563357365733676475553665546355
6574655367567757434553653722625535252642533664333235346365532253534444225599943325335344254435632225654334555242653323335432365437543354475756767743633
6654745577653766567754447536656422663253254653233462525644424545332435555399934232533335243532536226626234365456244466246442754645456775653334655376747
6566657446467357665543745353655455422463564326442545636546446532235434343299924522432343244336664333644334665624544623424336737434635743547353353446555
5756555476567453556347767677625353653436336453225526363233453652355233332499945553224325226352656452343245635323232323254425757475546476367465466435467
5537667775445535436453453367455266454442252423236525552623442432455445423399934223243456623634433565563444652353566346555623566353564777745533537446564
6453575465563744637743457377334425425523343555544462625554644433653555324499942545333453636424422256422635623356633432355244356363333343743773637443366
7643553463344537476744656645353666542534632324356226244225625653522446452499934325542632546232432632253554655533656525633446667434466535453355376755577
6673654775333464534537336536656362233463264435432244263426244645663444446399962624425554522233334432656224243552556363542773577737666343564735374655734
4474656743467373564755467464446536555352236645443625626542235645246365446399933643554423233346242662454666244554223532366374376447445653656533663473638
8654475363666743447354655375467563463456425655542442365654444465365322236499922266342422645662452554642263633425526522535754474743534545636645467645376
4455573466735544676676337447646346523453266664236653645244436422432625252599962663522535423266363225363355346625244434277646346546365365444444675347685
6664437756543346555776764544756725652334343263622365345466643462555665566299943324424524566334223224222254462353464654557547775755457653365364343666574
4644357745466644345376634365646432356243336254224352266352426525263655562699953234532326542364466544635253234645224523664477655336366746737664673446585
6574356363655734543464574347563436624432253625553362554352362635552633453399966634252652264226664253423254456354426523533755554535364565555337333477886
5474354546435746634553675567774773452525444656353565554325633562223222342599954636524443322345355632642542645344346246364447643475654565556337675358447
5755347377356436667767645446754655542655423543464252523463663354232653436699922623365634635544346466646525446564365635754433553576343647335644677346848
8854476434355464557445637363764433334425353422655232344535333236246262436399944524634523626645632556223646663654556744365466577663347545775664373386554
8865674765354746433534346464444576537734453222532523545442462452442245623399943343236433226326232562625244423633445363467773673377534474375566556445846
5684883757354633475754363357577773566445224352263344426666645644632665524299923456336352644224525464225226565222644773563377773434645463734677575484654
4767564364333545673634665435653663547375336525363225236264626236646436624299935262425224643232522343655425433644766747755643375665436473766435565864446
5847578556456556466555346463653545333767722623422354566244355536253252236399935265624256242356544624422552622357637546476564346563553674357667566858676
6856577437333674366667337656757646775354773644446263463252324556434565426299952263565252355522264523554525332557543776774356766464457335544757337565768
7677665777454666574566344673565476733666374525456535246556523536633642322499945323532463564553555553644646264737634473373767534664356437553566557768844
4784644453735763445576634674645647655766757455565643564554362436332222465699934465342254435235443362544546354775474446646535476636475744566664554786467
4668877683465775347363767367347664743564374576645426322366224443643336255599956544324244445236256355636223336664536673754453566567736463656465788877555
4857675448743573676644747455356436434453677734725245523242433265422343456599936526565464256256245652623555774645557754574443456574765475765767464664854
7785564765563356343473566356644544566536673637337422466453552655552444233599966623254354264623655366565747736753357463744356437536445645335664768777885
5765648754575366775537574566356474644464366765666373624325436225333256546499945422524226434534354634635774737364436334645773547355456467744757845755675
7666584884557766747676663374645453367373365373765647722626455345443425325599955254623455335463242644363734557775773433647763363734754354645575547488858
7767647666586575643737564656776774544476756453773376365465353656533233253299924462422433433224227356664454547634476377564374344454447347336754557458665
5884746844584544753465747373777357775455553345347634554577533464425446346699925434333446646443764355767443474744654373355675353744637635787888747876685
5677756545767553653766334444665456636544463446547344334644547444236562523599952234544662443434567333764333376574763474345674454534365565357488444457568
7746588468586846766663735433564533467537373763755464577645343747722642226599935326334355547674453367336366456655434556543445757343434333877756758758688
5865657584764577757334563645337636644446545357374377355356453634457476675399955735673746434754577654535745467644646635357637667637367455877576476566856
8686747584565864643757445533653667455663637456534466756647665753677653344599934667346737447447753675343364337466756534346343474575743645767485667567467
8546768575846788873477673535757363543457443476336536466453357753334567343799946643566653437474765647375776466437777557543647353453547557656748484586747
6674588844684846446774545334333765457775357773637433333333347736356375657699976367653757344355674547774657565665647767655334775763445476758658587854687
8486847585566548557747473375743457747744565543434453566474677534467533534699954654547666666666747634464756554453566654575354335437564464665665588557658
6768668448768656767476373557653647444434655475465574673745434774746544564399957536343567747534674454633765764733767545676354553653647444675544858676444
4557748477777745746465734636533456636336465744645767636635347543677566637399947346364375454337666475753455746763665475535457776665688558755458588488655
4578457656888746758488844366434674437746653776373457745557435434635755336499934755576457563653657374373377433747467436456564676465857866565684784654874
7767585884844444874877556475675436537636556664564475665566375463676756355699933737557577357347557734556444564636737355644737434675764454548645584545576
4458887686864565668464756434337343474377343744743767347637655763366353335799974546536757437364663333336435737577533546637676674678487858848658547854866
5685885657866486676874446784746367355565765555467775374346566355436574646599963734775333556346354765656365337445334676653737567867455874585856667855565
4557685756887786548885575486445564536544754566666363567545374765436776776399973555565653366377535477733576365473654435433755746478556668478677578766584
8458445658876576574555667744773456474775365467444774776357534553347576677499944443675474755743566434343654574664665363364547547674464846575476857785778
6486776688465487845576655455666657745465656666336547743556773663353567466699946373454554375655537343354776343444353357464585847847676885684546487585778
7565764775444865658748687678758464675437657635563443363534376576767543455799963466747676635446444634374736737346444545758686775567878478477456587667456
6874465455485657476656888465887464576565773433374367567434447755357545534699947567453666357357744736456746566564453345578487674446457848476464874857646
6877584764668584477578457584486484885336437743534467366645464564735464565499975335744375673373735765445367777756366486744887876847567878466574584546444
8868645445657465755858886475766664868674336367647545575664756567567374743699955746347364576333357456664465776636545775486778744846448488487667754666867
4886664774544777548848447758548444486554665463436634733466454466335335564799933446564766376764346543337367373748866755547657685545474647658845757747747
4876547887456666574767466787554647675667484557363337363555335765656677454599935575344476766643664775634334343547578748686444858647574456484468764756458
7465885654847845858448755848586656848576866656335667546735533546476644734599963463575735466435445365476565674757864746488857554686786684766685665778584
8665887566654774674888545484567755875445485466547465374346465435637637744799966575575537643765533657633744857864587576857564564488866474857567546578478
6878856478584848664464678878584478554686477665875575377366343563463567353699973775335434675747356656437447866577744647447656847575654475448748544877578