64664613854171127377843663571847314663114461248632574778117512278787646861613235475188872566857314165
42114357165818751613718164426814846626163175766726428317438523525426646867251351623266447586267763256
25462355535242736287645655474246528485476783354611658166683488434736467435815445424175658555447545533
55662224688536641428567186664584817743476437757212687257565748566882156754151365848786282673725124816
63465362852714352886682365463137488364558651613357437712754724166468162864863487558247826326156246485
68467327254676462876865331626587271376446244142782678861827278561136853661285873674234485175346742154
82872828428181324871631628716656463635518853543887712477851323623474441777683261131746618122745487158
65743118742786427864533752542688631163551612553267651461443642367266777371728545467733586243568846722
84835641326587431461271521725587127636216473475553338552618568211742162128116123438288256126852834575
76671728133683526712754855751415862131362781124473386343764653176518718767387561228884334387272185382
35837663452764358884536562147438842673836511146521231513865248352627811331656115145766315572673473181
33774662113521418648266722541265247142685849978897945766978367614473372561114263336554863818383863325
35835127542331435278385586681314587148288697647864577966566997747245868846742683646367877627631555813
27744253855751776674312764782683767769864777854797996966879578544542647261377362171778717673623886346
84724514315647574347317552516341636975788657674447964449578649848888368677658747472778767337583634574
44237118764383661248262617314364658478596665844878577476594585979648576188677876158885667713373582857
78545641481258617631823522458197688758495698756899978976655787567866458681333858711342515632612425443
42238581723871436225474862316779548664844947549597868479579664844599786479665818581167438857653451626
18625122861716736455788328864566455669797688697745986495746789976565859859848112176531741241113267553
72844361117327575337384381885475474555758645489594757589757797868888595475498585316381248156823583836
27334722124386181862548754996846796468698769857877784747448759687746794895979624228682222384431164641
38223724164522586581148974878585676596455664587866998774747878999594574994484462362334131414177475421
32354238881747524716154484874468897555996679454879786589598964546654545587474568167756852218183557474
11545361521328123257457745774654968989578796954658865585689586576789555947987478777861361678838666175
67584228885555287265779565786944568559784456796849955448878849495985959597788499632726613852747282374
25577868322165467223556775756458547486779595456466495586846689796658469899978885963166765635646867827
21318326424355868469856684555856559894579979687565876797786556997697899555788985764611634587857413722
68677317687463431385864988849497974694565845979965696946874545579599897687646796545464774176383513432
36652334184313412876869788664959976697565489949787998564495966774564948644577887545575146783258512562
27383545846184886979485987987999654647679648456997697597799957745694548995698649844791673581525485734
45558552472534759857784446875885789564887658656577984895458558984685885666994658699656261324877338828
26414772142362636757774996656677849998466755756867877998789498594498447949695445869458772778236453256
83634571285276544659768656775687946767946487589856698989476796969667986697847874878644631823326244325
18482573166544259744889968866595899555997479874898479969784966797469496874875644994766434685211843127
41685236624445875498458794984694677476557584466989659897575755445749957964675879588779446524745861585
41631336335621847559865559447555874445867598898857946589687688897975985649597657487478745168473883877
46263855542735995775788769894549755567489596699478569548879668488546868979768477886796597361356657533
78665845217825558456565795847975688576676496596787948756454557767946667647867696957685588812731721465
63171877818769998745669595866546884995944587959997999685548898775855774665657745578467495512524233662
58618748558455979499776859848667959976968757974864859856759888685598499744847966479858556934643254788
62587883674356454785754469975857989746496569584754665877499446974858965646999678864959769834647473666
46582838526764477598788659486654449458669878646748564556676878658986749668977869674744756562222274661
58631718383195869584885669566948748458956468565897779764784576488655857955577475565475746948463764251
85346482337845455946664898556976857759577786898585748697445585877768988446786786585888964987841182312
65563373384598549957464645777454757466667888888875459979556644546557448595757646994688678584887374237
22881364867656894695955859969567868856878758899944664766949655988588464974564967769788978546646834863
17136214131774849848484484565754675758567477568496844649476944984989868476756747674894476985443612852
57244275275945548496589558485866466889666558879488685586977865956774574559454974749886456871654253632
33336265677476747968755754558798755589597654744847969756654485855558778694586559848857848787835144786
31578532836997867745488459854879655468445956968988859595675798947667676494596945447974857764273288287
37314267245574877888446869577599445696645674444984@49445667676898685894578678558657669844595454733656
55143256538647684699879868699577849798485855954586495798459947464695888667754644869998744784161177787
47733352547996464596896485549958749985984848498676474785865769546769844849657447659749776562554762441
62773753175475749966848656485859764498866964455687955845994994845988546867578575565678758875155144346
64264228451985465458999878675944458548965749958594485469544948758985768466794677444987875796315372673
82687364763777776479645859965945699557774454996579857775494888875847444567469787858845878866776225378
48682547681558595557857874559758795746779596578999459777447968548995589566476966746757759473536245661
75682234372746655856859969848894477945579848679976559878967498875875474466474594694689666945435351387
88532141386984556877644577675479899484466998948685959445957994994858965586847764455499856573664753742
51257747383258945656776955454746684486747944956577878748546555774957694776667745774898557948166263476
66211325741469756486688668949746669556648458655845847455769865978745658558867565849595578517112756754
13671777667689458986695797479768999956545856567878857545789866647579495859557879548556556724383524428
11278815885595747768569579465459958755559557885799489495557594744784589765588797744668994835264464278
17334847814339977699454895779999469869644499976887444799854778884875646545858446899989759585517752336
61682246271436855849584496487665879494769777985598556954587959977758466876697758666487976687837846412
86345147252279676546465567667947685448458856744788987677968958887575885577748649869664696234273575434
18474255228654596497959964584889779956758446957595776557768856884554866897467556749457885543888656455
44453734177448678795588496947856995758984965487978676986796568946799759564577784964575853153254163158
36631151254623489498456997545944669677797696878487989678696688976546495766994676599488887662555382587
57565544618576287899985877488559668959979756997577848444766697894974589589968866664756437313733672414
38871422671311825554456868597555688445955446669986548799798745975976466866585565577788445428872311125
26543355623326465958599557468699887746655497559656967458576467788867545855454759797456687118478555642
16718868274234545684887876945749598659896466449564786869645967997776878978469745668866426436542111462
52877163555626544576796949567877995695568867764954689587987784457475955687649666784571538143665831762
67781487431464438844589557598465655656699886978958959655884656488768559787944489968842415814742632854
55383216213682754784877588957765978588786585498674496479565476647556999574987659778721176636645251574
22228518653625487757868757858865978946859469966885747844866556594795678487874897588282224182268527281
67878316781285246423655594556577575947559969798657689974855856484494775485894648631844781868741247647
12587128338441167818486466976769785658584598899744997595895799688868849554485754987527247344322721674
54557711641713722542319869748458984769667594874648846969887769845584466587569575556863741553312844621
46574814874833127262241758598464758765747664586599846554847544458656846785655658615138523443746863265
57656876757458245431216375687856978755677759947656785976778958854664649546579877524461163151863167513
32186888184844687311614625448695575499448798776654575559884456578787444557496441648456614288364587387
25421763253124241647242577456875966498988965774556776977864898678896846789435868851685748573366564641
67525163337231717563467231357989849899846898458749865748748789587889884848334425382867642462564223526
56426826632261178754687532686376945664688879758758585899867594945454789823821866178883654877333612342
15145384316176851372215726617735495974744976684597849949854896586645797176567553258285558863152156132
57412853512454775178773617267348284558779968694485647959958455857748627775345483318757613461266651488
71281275813741872747463342426377183179666456475459764985759669867783315732152648288175145458841256171
12887754415212685321342837484414244521356486575956745447557456815645116335646614211131473822154675142
75854173133418581565148811322132377312616635578465557984697184736643174868281567615318357813885514877
85343144184586762717433345232772136752166231656813858488273771853541717158817816884777865488143616734
63241678743573754362172387663457463713626233682867648888237278552758713465448817261227117544633832886
66616358656716248643666578847766342164181246561465732586436477264423328224455757678718518788736774128
38431484336331733648425735753525531733441657825852324717625628572657884542475283418154447257534563788
72483638727333567225518335145385168822776815842375537331247515115351778443716426416211815616472136631
22134623446151185767334454112742187448553127285667331836722551713582312675264781852347285578555312324
44681681657513756146673748548317142362662544537374455326311377233637234675358764382246437716684258886
56484636476653617637328168746488325382765232568878474672683526288353434752271563223163587355114363741
12556771265361528227526128346646561373433346718277655226717367765831574478387741666731652144338721634
55356317582814611524362234853756211382817522684261817752815826686363873357335832128665834367745373433
