3615 2613
3829 2903
3983 2991
3619 3416
3506 3385
3914 3246
3603 2609
3778 2632
3960 2674
3556 3333
3709 2927
3853 3081
3967 2921
3866 3263
3785 2696
3801 2994
3699 2619
3944 2906
3881 2840
3564 3073
3751 3153
3780 3319
3976 1989
3965 3381
3951 2755
3906 3227
3703 2507
3523 3133
3987 3345
3873 2515
3692 2675
3933 3208
3638 2820
3999 3407
3706 3280
3904 3258
3749 2571
3640 3023
3522 2784
3661 3054
3505 3121
3570 3224
3633 3346
3591 3273
3851 2786
3727 2624
3821 2833
3700 3700
3627 3312
3676 2628
3689 2939
3595 3419
3936 3114
3653 2579
3631 3026
3554 3355
3559 3305
3790 2932
3721 2858
3752 3399
3808 2875
3852 3282
3823 2934
3636 2822
3516 2870
3845 2966
3725 2574
3760 2559
3580 2611
10 10
3682 2504
3594 3422
3670 3353
3952 3228
3671 2708
3519 2848
3982 2855
3728 3268
3818 2612
3809 2711
3985 3058
3831 2584
3995 2978
3850 3291
3618 2863
3789 3478
3710 3259
3746 3045
3695 2569
3590 2980
3528 3168
3986 2859
3688 2678
3825 3181
3501 3198
3507 2917
3811 3449
3538 2601
3649 3340
3701 3295
3659 2809
3665 3436
3978 2561
3511 3225
3668 3496
3903 2888
3617 3037
3932 2864
3508 3232
3898 3115
3717 3442
3592 2843
3589 3315
3605 2913
3814 3087
3803 3195
3657 3327
3992 3237
3555 2926
3652 3488
3651 3456
3858 3171
3977 2880
3942 3435
3606 2861
3514 3302
3782 2807
3949 2646
7198 3600
3585 3484
3996 2693
3838 3363
3950 2883
3786 3322
3632 3371
3675 2537
3557 3056
3625 2695
3662 2556
3734 2824
3937 2629
3576 2542
3781 2997
3568 2631
3795 2526
3697 2785
3975 2594
3712 2877
3770 3298
3943 3105
3820 2951
3579 2603
3504 2552
3646 2701
3534 2519
3813 3336
3860 2673
3656 3095
3925 2896
3880 2776
3867 3370
3616 3264
3968 3349
3739 3324
3887 3080
3645 3329
3575 3082
3587 3086
3890 2501
3565 2546
3865 3344
3948 2884
3847 3002
3743 2866
3963 2528
3510 2668
3583 2811
3520 2904
3988 2638
3815 3257
3915 3443
3572 3380
3730 2593
3655 2721
3993 3299
3531 2506
3924 3313
3742 2549
3584 3134
3669 2541
3981 2900
3545 2823
3551 2788
3796 2758
3622 3185
3540 2759
3930 2736
3614 3178
3997 2911
3863 2764
3567 2653
3547 3065
3799 2916
3994 3229
3912 3106
3611 2832
3708 3395
3805 3489
3537 3409
3767 2814
3957 2651
3765 3140
3724 3025
3548 2521
3745 2746
4000 2962
3830 2517
3882 3190
3840 2818
3530 3131
3771 3384
3566 2639
3700 3701
3776 2687
3966 3468
3872 2873
3654 2684
3553 3148
3546 2608
3955 3042
3714 2901
3844 2953
3783 2661
3753 2540
3672 3188
3700 2799
3529 3113
3837 3356
3883 3175
3897 2616
3756 2897
3836 3142
3905 3212
3686 3027
3824 3306
3509 2576
3666 2749
3839 3471
3719 2908
3667 2706
3927 3493
3886 3160
3696 2891
3574 3460
3610 2512
3862 2565
3822 2539
3754 2658
3804 3394
3648 2602
3917 2617
3704 3107
3766 2762
3723 2852
3828 3447
3542 3352
3748 2918
3877 3213
3758 2663
3524 3111
3535 3004
3563 2898
3962 3331
3973 3110
3810 3235
3775 3215
3918 3427
3694 2828
3827 2566
3959 3402
3794 2789
3744 2620
3922 3472
3718 3277
3513 3126
3544 3254
3946 2567
3941 2575
3757 2919
3908 2502
3628 2513
3733 3096
3750 3252
3931 3016
3561 3326
3859 3146
3772 2831
3602 3180
3607 3328
3929 3473
3899 2839
3707 3048
3569 3022
3588 3132
3892 2568
3517 3339
3953 3294
3819 3413
3792 3411
3774 2976
3769 3182
3674 2761
3846 3458
3802 3001
3680 3374
3990 3210
3998 2950
3732 3100
3900 3104
3550 2810
3761 3300
3693 3014
3798 2830
3907 2879
3571 2853
3800 2868
3916 3463
3601 2993
3984 2802
3620 2712
3791 2958
3604 2630
3637 3199
3626 3069
3642 3375
3536 3068
3581 3241
3911 3052
3533 2709
3526 2686
7200 3601
3947 2907
3945 2895
3512 2729
3539 3490
3964 3189
3690 3244
3879 2699
3660 2642
3582 2672
3639 3218
3787 3389
3663 2702
3970 3078
3532 2578
3891 3077
3856 3250
3816 2931
3806 3334
3779 2893
3527 3441
3909 3145
3762 3320
3562 2713
3849 3439
3503 2936
3747 3127
3939 3183
3989 2912
3923 2522
3578 2772
3599 3053
3971 2972
3788 3418
3715 3164
3735 3267
3940 3046
3685 2963
3784 3055
7202 3602
3623 2782
3644 2813
3720 3309
3684 2743
3910 2591
3737 3480
3729 3491
3677 2724
3842 3314
3613 3410
3857 2889
3920 3201
3502 2856
3913 3284
3755 3243
3647 3279
3921 3079
3518 2523
3777 2572
3664 2732
3716 3075
3919 3138
3558 2827
3793 2600
3902 2700
3543 2961
3521 3486
3935 3440
3560 3239
3629 2867
3713 2550
3870 2605
3600 2733
3979 3184
3875 3474
3634 3151
3956 3103
3702 2791
3876 3483
3552 3415
3698 3177
3843 2669
3991 2607
3722 3051
3868 2860
3630 3367
3593 2977
3687 2636
3961 3123
3895 2735
3609 3453
3835 2815
3869 2774
3874 2723
3889 3321
3841 3448
3854 2589
3608 3286
3974 2510
3934 2680
3740 2582
3711 2995
3763 2508
3596 3383
3541 3397
3848 3479
3864 2538
3928 2716
3577 3049
3641 3455
3738 3089
3741 2930
3938 2986
3797 3296
3650 2768
3673 2882
3573 2667
3812 3161
3980 2806
3893 2644
3878 2625
3658 2725
3635 2794
3624 3373
3731 2842
3705 3317
3773 2925
3926 2756
3764 2738
3972 2769
3700 3702
3817 2573
3679 2691
3976 3428
3643 2914
3888 2744
3597 3354
3896 3475
3807 2763
3871 2623
3612 2671
3833 2554
3885 3018
3901 3034
3768 2514
3826 2647
3691 2752
3855 2676
3969 2527
3759 3221
3954 2975
3681 2959
3884 3261
3861 3024
3678 3487
3726 3341
3586 2524
3515 2516
3549 2973
3894 3093
3683 3360
3834 3357
