99999999999996897390826996991495647575493264914424565388717786725979967876623917034000162300812721318307947505149857121247937616005806679949132743428598349059399780716342070891
99999999999967680992371169615686400287873377981049210510447035416044944025549920734462896980622212023284377931696402842426972143021028647018594004562217510577524672586885244196
99999999999995919999179399184951045274143723294637025319816041810030223340201570206369132867540603975461136590762084007737117666353896886044357641549095434720060075097003063226
89999999999999999999999993430418978198368506290159206869515432721650352025262257302030697238769999933880694467605377609293045785827593026601009493179841861220749021110623284584
29999999999999599999993719652341460940925412457320378772287607983784249835615349839999999340999999995751599999930076793392489699709719167274308774168038473316207457263175493434
03499999999932599999995299217505026858863252006655068683469162755769166721322466099999999999999999999999999999997549869997158282066309545391527598774083724094825614659984084709
79999999999924312499941952299646151196413118020096831388686096710915488599999999999999999999999999999999999999999999999999833155629569660594938565821107096260330377301701938638
74499999953797725947166572578430221526596715453964338165001350804150925959999999999999999999999999999999999999999999999999970997999686548604533396208569425846857996186307882607
71999999923496751995808291331787235230712125695688421064800995925399996999999999999999999993859199994018299999999999999999999497159674881812936969570617613493846907221476466893
59999999947041054047119205524147256171514303124472901945162880999999999999999999996691999999756319999289389999949999999999999999999999630155587232509910896850166268220318216781
99999998028686725755498236337497709314160478367097338872455134186999999999999189999911088011498969265773179969673696999999999999999999568352431057738650046970786291132577680967
99999992529996899933272016491756581581805456739826097662584411747999999999873931482054512605455906473021892278115675999992999999999999942679987099292066547512363485851100817240
99999999999999999550356208981179895673665850766942828591899999999999994999936445112287702841378475617755054683099551599971238499999999999975243415741951308946349306247662835107
99999999999999994709503770354180297053884013263451941833989999999999949797105830705178902068372098331889710872406426640596417499999999999999999904705231215174991144516749619962
99999996919999996951661995904057468574533410239370512732219999999999991825771612053082021557433347987229914493538665545841530999999999999999999953738064283512921438864018244938
99999994114166153925525521267126927935167073920927772276999999999995267955993811934598410633696653283160901619244770265404675049877702999999999920268072725244339415465466682590
99999990930028317939885774472827999803952875094199492999999999999674347272948925019376538590168101607220553477014218116913852143879429199999999962271699587627367173949348325688
99999921943917953692123951713807022639548337439382399999999999997412762233093098684993876810113998829855849028982259611521452021675224699999999993996852724535619334840028040573
99999949464591491994064873093967584708446169529163711999999999625740370923183204319129312912465477443048802674864405311191510993999789999999999999999999946639397885332771198031
99999921005647688680870182988839834826000919607117774999994183827406213334514890463650523421096320605196775883652095547514095791881163999581999999999999997613229148287866907023
99999979994199945266723225861944174379019113558040999999987549467853698098417569780249299972990746127704131720632818241001211683379794669611779999999999993953179120155412174342
99999949999993970219773042904238081513377374952924999999999130222621028211085243957999999999999999991225884228131628179063716848058619311121500999999999959803269285712175133253
99999999999999840930347592417589400279103015793442699999326545271857900262241629999999999999999999999284852703140038454853577957398059614742713999999999693747918527307956234123
99999999999999321573046574833985422326631993525775799998884843012737940093539999999891433089849899999999983786684143839675310662286315212615999999999999857817499758962270867985
99999912899993521713782273196314471545082534356329999999961573987120455789999988815894966961610643939999999948192233160104157412305169947029199999999999999954222801342030690775
99999991130227926939915487923027007708807113697099999999970808056851977539999143645154418740491304793999999992310294364097710739348336460725401981139999999599999833402212270757
99999911033452937990268890981518707491149878665999999999128644001327972999980320937180473369683654419559299999792320115393030712627290163943153937892999999999999967011921917391
99999997629028863185263489993444111502232812256830999999226286917831365999946465896888884168002656216702399899999093783446202116189952913463547171523699999999999909111152778185
99999965101447991271493629680941294743104618181144999999950457037999139999861011888999999999276102193743174649999521706222061345376399844832129503372599999999999580411703749190
99999916992929993839344068385102636480828938991599999999255264900037319992922968888862372199992667955714040999999969760857510631914812353170311892399999999999996696104873914296
99999914999999432531685327911699608842730031389539999999623744953136149991874788888888896000999641824838534396799999117363356227182040458085090193499999999999926574732172445758
99999999999999991395156808731333637408979006336491729999936643860180369998255688888888884414199999903937450946799999348237106639592503282985490120375498899999999999395969204894
99999999999999985346685919225038051576116245685123999999997649685396793999372948888888888125829993318322597536999999037567645447686741685737941389728947039999999999994901949882
99999999249995601494224869729215062695269618410536999999344440509815292499934587888888888752319993071478782423491999895806043031621136049037318533117584309999999899999941457491
99999999974874374159980245562793879353900840965986999999999164215393769199998570793888886155869999922988073339978999995788435566683514618110252952897137677999999999999996605934
99999999924025169313416277328202209239236073529287277739999919315027541973999999999998832467949999509100625864699999993282571538952129347517414712199097246399999999999994327802
99999999904912144790113596287571830696366275794841945899999915559854674087121688888427353960099997056664188757499999955245339460678936218619044809923608399999999999999942941356
49999999995167126998147837726400968921044513638139945899999999907640958901062516491142612631999943651682219359942399991911991609849788111594874095679858999999999999999298727174
79999999995299910996344906630596801482929810414994211062219999946167842980248069951755392499999930071914975002245999999463257600739333112193556076639291499999999999916871449443
63739999999659999999664392175346387480415649548095443888139999999997862502464729620663045999999773445947430888999999999112129188444675492821885140534527399618999999990184071728
24799999999999999999833733329709935829486001440568883169799999999998899092814561710392999999926862691582079576938999943138517461345913867202385029259240287568419999999998276896
18271999999999999992832459634149321377554258157794977461667858499999999464999999599999999992438526749325388799993999968428725938961992092040921283961019164296761999999999933491
84199999999999714706354411369909203465850212038681199906341514299999999999999999999999961798887122859564835584889999999429660320543470295523234635403499743521427699999999999824
75999999999999997995862922716983723956310228769983942541838915587693899989999999999549613131603816672547843549999999999782034979575254783547674643187797915189881599999999999993
71999999999999998785115749103773039610847314720521555048968600723163646611299227112723556212917292683979225121999999996551136228053578650572663184645168118019299599999999999997
52699999999999999390694799484577755884821562444806281011081200346420139552779111374387441668216775968886011978999999001987050350687555188015283628831358942999999999999999999955
87981969999999999998999999999083728140811353234789563239216424783816920939348381365939695552341994298479379999999999996765440756513596143617796264535458313999999999999999999005
52436791499999999999499999999546459210202264661966610990469719983342021813148908216202848920177201732509499999999999420793990283980928792665192148754755671799999999999994994838
92799999463989999999999999993739273004986293354898767082491226743503923196903590032615536921595122013924719999999999159782788807748347971051125915008753549997239999999972560503
09865445676699999999999975148986176765946235171667508368773733751562968597376123539630184525720413011715199999999996870730188670908938078923196263059731069482541999999975743419
59436931717305999999999999698755334932627610573107920597766999468439830327743475190083925616875916029999999999955981340560034382366312155680315619635272167172782999999676999118
31691990361469999999999999700633424998130049419787745161368703077107866020519447230400922334205988999999999999934277835628239508645573223450593932548969132591104999999247891161
20589135171329999999999999999418999999955213984939177692607979639996682569635137718912606055337299161999999999999928599620325528707075404267692588782796265715739999999654999991
24749671189139999999999999999999999999938792320537093644640577665294387312840094339886316845748989646999999999943707422844051127917522294039050147167017557491949999999999999999
83726821253832499999999999999999999999911154589274152723118689519534327596486465571551642299999992699999999991004223763966680486754553003271860028409688869599999999999999999999
10287627021269633691259859999999999999999133789999964671843186388473416411175197679824079499999999999999961412774559993781059584345398502817452002247548229999999999999999999999
61185441926881453999432901999999999999999998299999997298792613767606629765198524999899914648299999999999774560752390694973785760041776838639084488128642592999999999999999999999
63211235311256653423464206799999999999999999999999954906489999984499449909981214869999999999999999999999896657251549562058752520857036391303125349536910109999999999999999999991
11001440527871628233974139299999999983999999999999994164933899992533785899999639599999999999999999999993209193168784060875701163200233641266759679711228799974599999999999994614
73684264225192897252575731599999999993749999999999999999999999999351230999999999999999999999999924308456540150091316739207412308288422796277467864307072891187315999999998979825
67697568765287284199429823619999999699903199999999999999999999999999999999999999999999999999992302311916323815028904218735396764616553729485036678319687355175627769999999949686
37961241388907858219999910910334999166921999999999999999999999999999999999999999999949999999999997178941290558116362007845849649877290183527835382429329283256539591899999999788
52464335377281156725016956843263499911454799999999993589999999999999999999999999999952729999990126014090256305188433693876131911001151488117736445192332238303689045799999999996
04980815356144575739449110455762329542433479999999989955189999999999987199999999994292779816616864786679102365122205042802752652364120246880086757765921721765858135633999999981
23908471466677513472937386364763196717174941999995966763239999999998984751999999999957121134156612577928330945533737274362174739536151671838821231720626269051831899998999999992
20860766403121320943452283705810038799872329667577993284717999999942729766804989339962728187408808066061647083924010194415940070008647848502986767298179999999135299999999999998
79246054741380138451823627889291505656466074199601999513677911442699422940577077772283825256195331264967826719478673929645701296824517422598881704671199999999916799999999999999
93135777444428905526923025045036914047318070785994306877141308493077752736726956485319212764757702814300566914277289805100718871900202737603119340107449999999299999999999999999
50202261844030674351538294516477157465609365184814832891274964963803965294853995330626049494315636849374212757773265638623266576439488742084486693751359999999999999599999999999
63255465400890711739656261866815380856351525926439495174947333505929596452617417533680721032559078452227636430477385659119045030831479241898781162799994249999990968999999999999
26386235318969481565281186927202723114709356516120643883282244128287927434082093541211104507676184532808984455084642185424761617606557548002625325990499519999804328399999999999
03662403614246442305366881592908167661444319548462278917572501789438462366497190837098910415938585833625849023221951761716868612245109674379999389550761306749979331299999999999
