5274382733818587524122314362882136696671111488535838672682137112273692349839971711192148656196726485637135174421444593751859855893465792812494684657455278398241576239234356631725993723586616165782144782
6714646132597698596328647977948179931111111117782329742111111111193754869945457454257284314839619411111159264266519382526498686576111111111114852516316111111111254735384554424678616763833811111111111793
5483111111111594527151111111144215511111673711791756831112111111111449147111111457126763625791444112983114548831111118743755352111165326226149653371211197983311148699111114112211111526694111176891118394
9311111111111116461151117542197864111884469322711774784711176317111131461121111128968851215567385185628182839671451318523774211153396938421986225932111112591451148911188823791617311146332119564841217252
8611135274558211187683114124282889471196951784932538666233117877491145736121832112367251927895213173834113353719135717865932511139317536711119638291386246634551161147353121297911113454634511287368141732
3111348488576997118575781113166952238111226621289229995177641167151116253111881739714982329431763114176932155455515315357627318194891111334411499915633178563411713112996837213658433542875827112991553595
9811128749211116171174268224613747348327722788279752388638232784791169289711186759167518219111256911567441834735399114854537611111111638211118312117191111114119625641111111655611195215133385163774815849
7961111111111111113852353612525348675521939485812111111111691711811552775411119775883133636174722956114531445231684311884241571111141111112111222615178153281116127556816153471111286383986411153955671962
1976111111711421741977799161111111126682234995111111111111119693382449237571211375411941211153577126112433593111175281975198615195553521195917768417272114645933283887358631111112269868918111741116816269
3549913917427946393116664211222222114235296611111118886289118545428421111111111111113871373154558619326176851122124374111158954651136611514631419591328115211134274846541116824221729815611548131951739137
3549279234193311111125595112111111111146533111177893919797523494591111112211645811329951566511538324731131111222182338398193672111155111651156841929111171159312252735111895932125893151194364796918118344
5375822118787111111118558512178951965143431116136953839444334956811111912212449295727111928247698821473111111232146929618519611122116719465128549928319491112317415811519158692781328911985517717493153683
7451277556178112831751145611118539227124226111911849711111224638111537612219182318711121793714318844111111181232161256468911112222111313863257187551316442552134112771764631984887522615657893364299112841
7397111113499711773425866878111184459161854411111111115983669993119289712113593331112221318243911111111838411222111111111111112332193111327671423574311525873117119511111131283255763412866115337684112734
8751111111143938151817744354881111379435524494438411431521653892139726111199994111222321733111111179357832112111111111111372212322122112439196692338158111158361162334355681322631379115818115917868189166
4241137123113467219964754339565681725582369561854181111111216155171491111639111122233321471111617975816931111144111929836131112221187111114285337946164791111111191539865395791564274514996411671951628798
9611147889311133576213421114152964151155968526581111111111111759168121114891112223333221111221111111111111117586411115421811222211171481832153511149687253938975949713499922119792337411857281111111469792
2611283952764194486489111211117777811111111185271111179481121726175311745711222322222211111111111122111221625271211411581112232115679924996911112131491147865154272754481111181111363671157731911134593434
7211431633727211633591121111111766112111112119961219838616111191183535758112222221111118846525756111111121111168181877111112332127968865783111222135911111111177681461119191318911381871885353283231847397
1811189696875619783252121584111924121168411218611111893596711577715824111122211111444985688199547855485111112111122259979512222111111111111122222144711273711115775451851742961114271126495646726289925449
3731132561114496889324111145814842121181381216998111141518815499781711122211117953725436787361918118324454711112111172811111111111112211111223221124911825363511128571935246331167185235813853936227329469
5261111111236588874416411123935913111194481111234241111277282567151112221112776329743111111111111111126574719511122111111111944943611118731232211516971114774131522414614169499584149549123547111111112984
5686111115215181127163663111184263212124681118344491854111433358411222111574241791111156949639911511111113231897112222169373518898562348211232116124511434886851545714274183111128387989312161132882231545
7848821193177711111116226627111169111113641194425175693942985611112221194975836111798128497894514441227311118763411122116266421111145224112222145568775877546621932785211111111854591986747113346764421646
7287499259554111111111149449888391455111186298711111111183322311222211892567451816452766735111172327957818119386641112211673414727249311122211196664462698516681511381111268168465695553815815597623111359
4116748855891111919651189891177284776473794347111111111116886512222111114555414397347231111113423522811111117726442411221111414568111112221112956913172967432616856211165313651663853163411517438526125711
8115272134581115575615122125111111111482983171121918771215911112221172626463947315725111221186971611171365381653426791122211997816111222111893225551116149112381752735117311115268511111848357198884392335
7886971495683111336443159661111111111111169943121985111114431122211663318543218886871122221845395182827451851111113858112221645163391111174559435711141197146277466578311111711575141641113857819848836911
5654811259471111114467298378117773164111112119121175951122751223216521111391718587811223321151991547541344451151111995911221113775695115389217369841216211481198156762954671228691953833211584778242416891
7464178144783493411116145856111112161721111378112125311187111233218738111181225289312233322113117899111513511975454672941222211186688311487923211911938841157529954111111563541319743111112219776111111188
4195163461845489911419179471411111415931669841711113611437512233216652387246311956712233332211111111111494811266755788161123222111111111118433751158184398175727351115431114777315728131166738131348981166
8971193221119717952936112313956211111168967379861193311371712333215236447796584115911223333222222222221915811676724482259123332222222222211156147427713299119437118848668111143918693217531167214883381176
7531134571219483851111112213287184775988133648851517511196812333213651115545391813321122223333333222111111111333491174983123322222222211111133147166975883819269118853914111123898618511585394891216211521
7811147991216523111119577556864253428941113438763646551289412222211111111111527927354111122222222211191112214572216111626123321111111119176656347669413756615256774181138111383793517644626166863566343178
6831196591116574111187585517887571111111211111186546311199812211115611978811114199631728111221111112284912211145432511692123321697383182559453168331128562111187147857111171691794651111111861871695755729
2841159911165361111815959142221111222222222222111129737284512117511534577551111165319533861111821154741112221114777111148123321198916372311111111181811825169184462556811798143111111929611118246274429334
8811117111868866111537111592311222222111111122222111925254311158711134317546451111612218352581186111127412221159369711945123322163646478971358762116833111144673428964793537296116194181781114572939199691
4887711117458136911111181717112222111133417111122221119611115751111953615554193311111959572382862115848811111768343311526123332111253263619134835818565468482218111111111439121169859786841113683111183996
6122224712217142738159153121122221192664447284111122211112211111153425111214246333111117369813148368111111211733266115812123432221132656132559171511147218662111111984911171751793312111111477141162111949
5147914795113515663869433961223211689611111192841111122222219765724969112211172367561111111111111111111115411416781194231123433322115266481965451114317262978186217668631146841552131111311884561645951168
8689399971165311791772687511233211828179313293655566111122211458665351113691932334219351221111111111195262117811711632921123332222211985533471114344321266441143292963111954231677854275254774418877891146
2758981551631911552623816811223211393753295824991427491111111111899714418544418132264111211785819418823841111773114352411222222111111115963615947333311134897116523811143998185726761111111147427474611762
3573189911331811238712651481122211744821111111162158238191573684446311935826979661111121115367924222343811118381175625712232111197351426216489171111112111194711561448496853559492811119411112499127659528
5592719911911111717185623817112221169551122222111196445931152771183977969521111111221111352145324188798311168111643457112332177515856511111111149235122221112299174993228115681783711939831114659853451943
1522981911112111851188411929711222117867111122222111132597926231151529111111122222111769886515366264767851128418361546122332185633699111144491187655123322211132211147961111111153316495451113176272444492
1763313725111159471111371393521112211118967111122222111111111111111111122222222332173674112361111151958771677341754711123332155511384116189711744491123333222119621776111111111118611817938171636511166257
5818811338421883611344111181595611111111124325111112222222222222222221111111112232111111111111112211614511284224255112223432111194161195486116379911223333332211595681127269897119491113913751971119111868
6712681155446669761982611344991268791111111451387911111111222111111111262591111222222222221111958678111176224678463122333332221991558627721177667112222222333221147511463842471118385181111571111132351186
8821941125873166171139111134112227655454937866419199732571111158948127121615321123333222111394486311114711116346911122222222221577129985114282221122221112343322112511197813111188983816662152913295811427
8382425116483155251111113191111111131687937124585542848594946411111111733437291123322211156652761114263111561587112211111111111116619311184478511222211212333332217211321941133176962111112667963564911629
8612365117111211299411185221111111123921811111112489491223143444849811198285931122221117981466111494311191392811122112817872783955126182651115112222115312222223211111421911177111111111111954823859832495
4515797111859151143713986311671141116732411111111948365666749716125117785941111222111791546211558791111385115112211145992853719376852283337111122211156212111123211531738811147111118389711727692278441461
6511112111639344116744826118446911165884911735811842178411111463561161291111222111141348631116217119961192711122117873464411111111137444651112222117246611145123221644163277751111417861628266315856678297
3521153118827116118635833136175212148566971351281176381114895374111585111222211141721763221424211341712683111211189681523532111697232381111222211197983111288123321455794656881116655751899973848111135124
5839111137214113119425781958168911132392614116486718111871459611566811122221116712631199957734112721153611122119631711811118997623121111222221114178791115713123321283854111198111155268488931711161111294
3964912112788411112539621817476111436111111226767626113263131161431112222111131369957111119411361114598111221187761179648483353111111222221111337113781115113123321634235112129561111111168366116189571162
4896629477123561527987131953641126431111111417532281112941111959111222211144426799792112218431111636311122221374719296312111111122222221111788891949911191471123321138111122111282263594725983119436551147
7181273815931256293759849872499649281114711183585231171111344331122221111865269421152112111281345417112222221111111111111122222222211111937386111441111128261223321871112222218865619534557412152456571138
9919385264599777844539787178989515421578212183157234111127361111222211969749151833479121134789182211111111222222222222222222211111113174452521143831111713981233321111222333211723311111111343818961181182
4199311152111958117287482749213621251239512119368412479179291112221119599417888276111111138134111111668891222222222211111111118285942629911117444111117757111234322222222223221333111362621544457858111485
3698771825164182816779171111111521141232611178512419399444911222211128951152775367121115318111114333692111221111111114168714554158939513485339721111852985112234333222111123321136111878471183569314739596
1913291149145139211488125111491137267269611497438461359392112222114671116711719991111751851111158357111111111132469446624191111111111538596752111116657311122333322211183123322138114422847255381192784571
2478891183189117651178534598151179571292612993112411193681122221129771141562155511181716711128312111111114796355193357651111111111111112683111111347991112223322221117154123332126111514322931377617491283
2112621118116112291162517188111346836741184971128222173611222211166211459911186119525431111568711121116151178658383111877958136587512217711119563167111222333221111257672123432111511163529953797711115578
6131211949111918394111343431117899789176715811727829162312232117652115199111881161363811116575111111262937981983193111865664836542912118615726253761111112332211644854597123432175658399444758657915311746
1881114864111112716593111111445513183118814511672841114112322164621158511111111629157311134331121164955869311936411142366513892496111149445841687111119412322112419361155123432163524458661317375196161557
6642952521411198987487676722999131461811536211392751142122321139791785111868669161181111169811211975961168419986119892724933741111117254437754431118477112221178119851154123432185773551111191325183651524
8282378595662649199616989614958411113151181111752117568123321581214277115755366343865111611112212254812394114691186578879871111111793246539224111199191122211726113531153123332189691111145411112815697676
9837138446388736117876111884929111929161511891111175171123321174979746115451694111421119252122117455119151126111959226311111111136744458599111111678211222114187711161149123322167911581785891196647924316
1271798611815755371818694711111911871111714463598351291223321521762132115425268114581214441122121791167641884811216119453128651144899495211111841791112221152719111121681123321139118748318611915426796221
3711226118996996421169583851435531111143736793976778191233321715794278111373861191471214711222164681141551162416666811878534271118111111111135826511122211449191312111971223221472117373421117524213566676
7121361141477411925111156811734683228283322915514232951234321281111111611177111173291211581122169241121131482513312341417497511111111111281782141112222111273946111111371233211631716253589138378111111572
6891111159111579171811111116264592641284137189122837951234321297591112127111114475551113813122111382118121145512351518411711111621548759711157251122221138172211125515811232217325411589655438111874511686
9377976975117931176159314762675311931284461161611466791233321364227119192384621525921118159112218964811842136515861111111111124639421111118112111222111289381911113223112232111392241115768511654142119266
7116813631111579129812682382278931374373411116211176391223321185811116624622972116761111899711211714861111174812921111111281873199111386477811122221174551122611157924112322174898112883487115879731915983
7885588581148451153377186563281751178111539119461146221123321381111134211111111119888311125411121116223811686717797955289593454984187583281112222111188419842251115981122221198961111992391178567417971996
1785667611127511468435117181153591114618781811111186727123321188114736811255711985846931118644112114797334891117544156111111669453282839111222211199137596311111192311222211228111111154111396549466675753
4611541776111111358363917827179111187281753818311735633123322113111884316554215554133221111871211111114574662991214111112241194921668111122221118978337912113259326112222119461113937116911446429491222823
4914982671517623537565511277211111593561379254778997818122332115711186691332674377115261691111898122211114662766476387318259232581111122222111647641153444452739681122221195421122912611491111111136151617
9116669276939636817425518548515463483137111171111117342112222211961148557998115899111248978211111123222211111384194145647851111111222222111157817939111735152227111222211671818124979671517391129766111132
3126982368162423181846115922418414211932316822678431116211122221233129694562411263711159679468111122222222221111111111111111222222222111174338494488511924291371122221113853176112714731195736163311591346
5111876511245381197411119927988329111133444534471441115299112221118418961616111122251111989131386111111122222222222222222222222111111182916486111118711963314111222111831736298114416661191328837611671179
9551219113158431111117568514149715691119255854871111189375711222111492111992321111733131111721576164297111111111112221112111111141995666858811111718711632211122222115395672111118791111141123319188641157
6453751463111611411826317153588241563111111111111166267787691122221163111134536111116984113684411118355176781248511111611119266578311129111111114293112781112222211117738111111741367311581521955745641191
2161371747275121212181691573548111845986973131869116589694485112222111122111136731111111118772326631111111111517757694196211111168615411112111779755198111222221114192111818115474157494166581356954911142
2978451189595131116969941131271168158174111178228712164816193711122222222221111773341111169682125585331371221942811111111111418144511112211176974856111122222111311411264811122975311975471951126745811329
9414433111912917143418513111111846786268411575773111115811473263111222333322221111285464664695911111111111111838159921111816519511112211116374971111122222211198621156687838587944273851556682138291195523
8437197811135442582232414424748569211111111194871571111111665752981112222333322221111166222984643591111111257885114172479811111112222217182211111222222221118314111814728567474183111111176826111111331226
3926111247643266511111111175586214132451111481859218292741167519285811112234333322222111111119173732435881147994791311111111222222333211111112222232211111878338111111156242126111118827658475734835855185
5589411183842811111637554114992119725836347814494358455939539966765426511234444333332222222111111111111111111111111112222222233333343222222222333332114743934245897168849546711118673123492183851511111149
3747311269773234561157959928111341814576431667761831114263396811561562221233333333333333332222222222222222222222222222333333333333333333333333333332178577842285749647235113461118522821116128735113731677
5852271164182171296111121891114137611111111111111111111111111111111111111222222222222222222222222222222222222222222222222222222222222222222222222222111111111111111111111195725111111114734916143114581191
6938261169155396176363111117596181695523511111111111111111111111111111111111111111111111111111111111111111111111111111111111111111111111111111111111111111111111111115111632451842478313351287921157365753
7281841297147699616251613873819218153887686812179897412781692486561285261415978977787527777675421885574496613185473368338172259333375669324825157826293966498438117578275155635411691111111117121142661314
4362114773711139184412321443488667379511981184591111111151616111113875612654661111618336237511111423377765847177854266621111193172627552111699421551851111111117345282111111189317411139611411733126758745
6781558913911111111432251113515142495514115283111849111114611116811117684111111111111288921128176111487236351116347835111111111199255111111111115113411111174911399151134431115119111235612281434115641937
8517714355498971147274169311119426717114931711998186891132113487121119833123141266121872511822946411883211175556118331123319677119431152156382116384611195861861497196738861117994115537488111988927113671
7212314561542914432247412527112821115568211451229585111517151951111752579535838711111338414148655139947261629661117951166338855181191781319727138811112893493319661239333483811811211113717658639995394257
4611185999254663741133724111119581112837117123641224112731741111286641892721111111745931542736343574191342111716211464111756368948861811119865811135114573611486482412799179815492831172745934895143584898
1241188261414275547461186648465946171131144461834618334981797684451676196272918341854241449858255211111147171187159851141537286115288565211251941498178911173152839985868583958242256496352915678111116869
3331653124491898264832711414944771755925415686744198761548314581838298983694437452548555817572517114179611193879748434946137784117882584791111137921732414821281311352388547115561966117985392941149211822
3211231255543158911847321617196111111125164674158711111111184231193111111342672156541161111111831116365451582411121735732387273168439111254627811115411117923557672114918117378542199811785214647125911878
1131361149395112811133211974121237793633111183515998517486311714115138681115452413676553899511118516893869133413227642716461681125355186967671453111285115442942681111117198712171891231998561759715211876
6281115187861471671123111754789481643297881133822175213944116698581114841118918399111125871115479456312159787571326489363612384113237123559966111113351511154117125391111138881611345211584176152437115433
7562111111114723592111191546892211111111118511924761111111884967141411111132566718162111111935669632438565438395111111111972715511111113155319674112613348111159266458735597483697711263346176411111169226
